5
0.20691566125556293, 0.6047195469616701, 0.8653661763959911, 0.11667286255865728, 0.6632098803525645
0.909141463992513, 0.9101634313672626, 0.01213915633183782, 0.4185915839598038, 0.46411882513501923
0.2711033659033222, 0.13844535796013513, 0.8997567069965922, 0.9314185727782982, 0.9656714168577027
0.23863517354271568, 0.28663953416829757, 0.2958914192202948, 0.850361484177349, 0.14149367356966625
0.7722249927360684, 0.6687565171984754, 0.9090832806342167, 0.48063398394722, 0.724277660083709
0.03284162257288914, 0.914189257702425, 0.8574926793040599, 0.2528931389293162, 0.49618511447097835
0.08902739559056472, 0.13963997007923967, 0.9377789170683689, 0.8704062270276459, 0.650926313076827
0.8358112256523876, 0.7191700739232341, 0.6402492545329252, 0.36351841146185104, 0.7390658877638302
0.20628674962010884, 0.6407087025189493, 0.47730800747585533, 0.27948008551730075, 0.9072392380572597
0.008140975235212067, 0.6873901173008855, 0.2777791328727425, 0.13428706089203457, 0.22176926657001383
0.9872263920593284, 0.041316316779417384, 0.5883584874075362, 0.3019877440559827, 0.5473845896358421
0.9938040301969601, 0.8767362834917277, 0.48187131303795505, 0.9981474200821797, 0.2802036954074921
0.46781648996598557, 0.91829710279517, 0.7448975592539879, 0.03818050951469287, 0.8368459315394831
0.2590842075652201, 0.19518448166454438, 0.27752949478584743, 0.8065452044723573, 0.13255747408442864
0.026379959358579286, 0.5589789825903125, 0.3365231198955224, 0.875942159164734, 0.8728280640556588
0.9137776038084898, 0.2653887324718951, 0.06899519676768973, 0.06139591586924831, 0.6954715179617772
0.7594676540532114, 0.6892795330172136, 0.2743318428653789, 0.30527760376029645, 0.47202832753178436
0.9554879317133632, 0.2683366806769758, 0.9824592315601605, 0.6669250872012528, 0.1752221797975525
0.02875482428370446, 0.10111051179043284, 0.8105637031774117, 0.16363419218903263, 0.9877911113506834
0.6647558559083789, 0.38609618403911017, 0.04933520621337273, 0.18565987356443836, 0.9401703490623907
0.9337506171966952, 0.533979185063155, 0.5035723024146693, 0.4218277635706028, 0.5712026348834702
0.9219269408865826, 0.3474684882119491, 0.568382286089289, 0.49789460565261456, 0.48639689577854106
0.4114003607463105, 0.002590020169254359, 0.2372088636035501, 0.988509117929682, 0.39947167431000397
0.1160768660655358, 0.6204010975719407, 0.4156284245481966, 0.835241541160865, 0.27035872773991554
0.7662003242660235, 0.2554133154697208, 0.33749730597228444
0.03552049245936861, 0.559981649539842, 0.8719765365206208
0.9913036602269922, 0.1579598148863368, 0.38641789160879114
0.8005637310762926, 0.6932335432314899, 0.19860226282265636
0.11951657587185138, 0.027156507870950475, 0.5996876616531162
